16T6 0 [0, 1, 2, 4, 5, 6, 11, 15] AGREE [(16, 4, 2, (8,)), (32, 4, 1, (8, 16))]  0.0s
16T12 0 [0, 1, 2, 3, 4, 6, 7, 13] AGREE [(16, 4, 2, (8,)), (32, 4, 1, (8, 16))]  0.1s
16T28 0 [0, 1, 2, 3, 6, 7, 12, 13] AGREE [(16, 4, 2, (8,)), (32, 4, 1, (8, 16))]  0.1s
16T41 0 [0, 1, 2, 4, 5, 6, 11, 15] AGREE [(16, 4, 2, (8,)), (32, 4, 1, (8, 16))]  0.1s
16T45 0 [0, 1, 2, 3, 4, 13, 14, 15] AGREE [(16, 4, 2, (8,)), (32, 4, 1, (8, 16))]  0.1s
16T52 0 [0, 1, 2, 4, 5, 6, 11, 15] AGREE [(16, 4, 1, (8,)), (32, 4, 1, (8, 16))]  0.1s
16T66 0 [0, 1, 2, 3, 4, 6, 7, 13] AGREE [(32, 4, 8, (8,))]  0.1s
16T135 0 [0, 1, 2, 3, 4, 13, 14, 15] AGREE [(16, 4, 2, (8,)), (32, 4, 1, (8, 16))]  0.2s
16T143 0 [0, 1, 2, 3, 12, 13, 14, 15] AGREE [(16, 4, 2, (8,)), (32, 4, 1, (8, 16))]  0.3s
16T147 0 [0, 1, 2, 3, 4, 5, 6, 15] AGREE [(16, 4, 1, (8,)), (32, 4, 1, (8, 16))]  0.4s
16T157 0 [0, 1, 2, 4, 5, 6, 11, 15] AGREE [(16, 4, 2, (8,)), (32, 4, 1, (8, 16))]  0.5s
16T166 0 [0, 1, 2, 3, 4, 6, 13, 15] AGREE [(16, 4, 2, (8,)), (32, 4, 1, (8, 16))]  0.5s
16T395 0 [0, 1, 2, 3, 5, 6, 12, 15] AGREE [(16, 4, 2, (8,)), (32, 4, 1, (8, 16))]  1.7s
16T425 0 [0, 1, 2, 3, 5, 7, 12, 14] AGREE [(32, 4, 8, (8,))]  3.7s
16T444 0 [0, 1, 2, 3, 6, 12, 13, 15] AGREE [(32, 4, 8, (8,))]  5.9s
16T748 0 [0, 1, 2, 3, 4, 5, 14, 15] AGREE [(32, 4, 8, (8,))]  48.0s
extended-Weil verification (Dmax=32): 16/16 agree ; 48.0s

real	0m48.136s
user	0m0.000s
sys	0m0.015s
