100 elapsed 6.0
200 elapsed 11.2
300 elapsed 16.4
400 elapsed 21.8
500 elapsed 27.4
600 elapsed 32.7
700 elapsed 37.9
800 elapsed 42.8
900 elapsed 47.7
1000 elapsed 52.4
1100 elapsed 56.7
1200 elapsed 62.3
1400 elapsed 72.1
1500 elapsed 77.4
1600 elapsed 82.4
1700 elapsed 86.8
1800 elapsed 90.4
total 93.8
worst [(0.2552053928375244, 437, 192, 1152), (0.18714213371276855, 465, 256, 6144), (0.17533063888549805, 58, 48, 576), (0.16576933860778809, 105, 64, 3072), (0.16488289833068848, 448, 256, 36864), (0.15582895278930664, 182, 96, 576), (0.1498889923095703, 1664, 6144, 36864), (0.1497361660003662, 1378, 2048, 344064), (0.1489722728729248, 206, 128, 1536), (0.14885830879211426, 1071, 768, 36864), (0.1484229564666748, 51, 32, 1536), (0.14370465278625488, 46, 32, 1536), (0.1418306827545166, 98, 64, 4608), (0.13930463790893555, 27, 32, 768), (0.1379990577697754, 323, 128, 1536)]
